mol_idx seed conf_idx aff
0 2021 1 -7.00575
100 2021 4 -6.861000000000001
101 2021 1 -6.92575
102 2024 24 -7.45975
103 2021 0 -7.20425
104 2022 1 -7.61175
105 2023 52 -9.54
106 2024 2 -8.86225
107 2021 0 -6.67725
108 2021 0 -6.64475
109 2021 22 -7.37875
10 2021 23 -7.1265
110 2023 99 -8.85775
111 2021 0 -7.6835
112 2021 3 -7.0065
113 2025 20 -8.52675
114 2025 10 -8.1575
115 2021 2 -6.96325
116 2021 3 -6.6355
117 2021 0 -6.617
118 2021 3 -7.02775
119 2024 8 -7.78825
11 2021 1 -6.64675
120 2021 0 -5.4055
121 2021 4 -6.348
122 2021 4 -6.46025
123 2021 3 -8.243
124 2021 6 -7.7915
125 2023 34 -7.91775
126 2021 3 -7.543749999999999
127 2021 17 -6.2965
128 2021 0 -7.278
129 2021 1 -6.49
12 2021 2 -7.03975
130 2021 0 -5.64
131 2023 84 -8.34775
132 2021 0 -7.22875
133 2024 2 -8.58775
134 2021 13 -7.2255
135 2021 1 -6.49175
136 2023 5 -6.73625
137 2021 1 -7.78975
138 2021 1 -6.70725
139 2021 10 -8.334999999999999
13 2021 0 -7.3665
140 2021 25 -8.75175
141 2023 30 -8.85775
142 2022 3 -7.15675
143 2021 3 -7.56425
144 2023 80 -8.241
145 2021 0 -6.5175
146 2021 0 -6.390750000000001
147 2021 0 -6.483499999999999
148 2021 11 -7.1899999999999995
149 2021 4 -9.30275
14 2024 15 -7.234
150 2021 12 -6.93475
151 2021 49 -8.241
152 2021 0 -7.15125
153 2021 2 -9.346499999999999
154 2025 3 -7.70875
155 2021 5 -8.161
156 2023 4 -7.356
157 2021 15 -7.311249999999999
158 2021 5 -8.099
159 2021 0 -7.87075
15 2023 0 -7.15775
160 2021 0 -6.78575
161 2021 1 -7.1395
162 2021 0 -8.1725
163 2021 5 -7.393750000000001
164 2021 1 -7.42975
165 2021 0 -5.09425
166 2021 2 -7.1842500000000005
167 2021 14 -6.9015
168 2021 1 -7.24375
169 2021 0 -8.243
16 2021 2 -7.0765
170 2021 6 -7.53475
171 2024 1 -5.5565
172 2021 31 -7.329750000000001
173 2021 0 -6.30525
174 2021 1 -7.79025
175 2021 14 -8.53
176 2021 31 -8.437750000000001
177 2021 12 -7.09375
178 2021 1 -7.366
179 2021 0 -6.6995000000000005
17 2021 2 -7.011
180 2022 0 -8.74875
181 2021 8 -8.016
182 2021 1 -6.92375
183 2021 0 -6.75625
184 2021 1 -7.3004999999999995
185 2021 1 -6.0497499999999995
186 2024 12 -7.574249999999999
187 2023 6 -9.1615
188 2021 3 -7.26175
189 2022 10 -8.0
18 2021 3 -6.76875
190 2021 0 -7.39675
191 2021 10 -8.19225
192 2021 0 -7.602
193 2021 0 -6.3655
194 2021 20 -7.678
195 2022 22 -7.08525
196 2021 10 -9.32625
197 2021 21 -6.89675
198 2023 53 -8.370000000000001
199 2023 31 -9.346499999999999
19 2021 3 -7.02525
1 2022 8 -6.38975
200 2021 48 -8.67325
201 2021 1 -6.9254999999999995
202 2021 4 -8.49325
203 2021 11 -7.2692499999999995
204 2021 60 -9.139999999999999
205 2021 1 -7.52175
206 2021 3 -6.6955
207 2021 14 -7.479
208 2025 3 -6.3815
209 2023 6 -7.23175
20 2023 0 -7.30775
210 2025 7 -6.8462499999999995
211 2021 0 -6.51125
212 2021 1 -7.1232500000000005
213 2022 2 -7.7675
214 2024 3 -6.98825
215 2021 0 -7.1427499999999995
216 2021 3 -7.24325
217 2025 50 -8.68125
218 2021 14 -6.8942499999999995
219 2022 57 -7.854
21 2021 0 -7.2775
220 2021 22 -7.0205
221 2021 5 -7.041
222 2021 11 -9.07925
223 2021 17 -8.63575
224 2021 50 -8.0455
225 2021 0 -7.702249999999999
226 2023 70 -8.83825
227 2021 2 -7.05525
228 2021 0 -9.26675
229 2021 4 -6.76175
22 2022 3 -7.0215
230 2021 1 -7.43375
231 2021 31 -8.74475
232 2022 6 -8.94675
233 2021 12 -7.71125
234 2022 63 -8.92725
235 2021 27 -9.093
236 2021 10 -8.13675
237 2023 95 -9.23175
238 2021 78 -7.736750000000001
239 2022 3 -7.1
23 2021 1 -7.0625
240 2023 3 -9.28475
241 2021 11 -8.23375
242 2021 10 -7.596
243 2021 4 -7.60275
244 2021 2 -7.23975
245 2021 11 -7.95925
246 2021 4 -7.2860000000000005
247 2021 0 -8.26925
248 2021 0 -6.63
249 2022 44 -7.45075
24 2021 1 -7.1282499999999995
250 2024 5 -6.721
251 2025 59 -9.4775
252 2022 2 -7.1875
253 2025 1 -7.40325
254 2021 1 -7.205500000000001
255 2021 14 -9.29875
256 2022 1 -7.5065
257 2023 6 -7.333
258 2025 55 -7.35325
259 2021 5 -6.29075
25 2021 2 -7.256
260 2024 2 -7.68775
261 2021 41 -8.28275
262 2021 19 -7.39225
263 2021 2 -8.1955
264 2022 1 -7.52675
265 2024 4 -7.716
266 2021 3 -7.166
267 2024 2 -7.69925
268 2024 7 -7.4895
269 2022 2 -7.15275
26 2021 1 -7.1835
270 2021 38 -8.14475
271 2024 15 -7.86475
272 2021 10 -7.50225
273 2021 1 -7.286
274 2024 40 -9.23175
275 2021 27 -8.73175
276 2021 2 -7.23575
277 2021 18 -8.6205
278 2021 30 -8.51775
279 2021 1 -7.24475
27 2022 28 -6.92125
280 2021 7 -7.43225
281 2021 2 -7.745
282 2021 1 -7.10225
283 2021 2 -7.279
284 2023 49 -9.36725
285 2024 48 -9.23525
286 2021 5 -7.89425
287 2021 25 -7.9647499999999996
288 2021 11 -8.81475
289 2021 53 -7.8975
28 2021 2 -7.383
290 2021 1 -8.8025
291 2022 12 -7.87425
292 2023 39 -9.423
293 2021 2 -6.396
294 2021 5 -8.1725
295 2021 0 -7.494
296 2021 2 -7.40325
297 2021 1 -7.49825
298 2021 0 -7.510999999999999
299 2021 0 -8.25975
29 2021 0 -7.073
2 2021 10 -7.103
300 2025 2 -8.22925
301 2021 19 -9.26675
302 2025 86 -9.32125
303 2021 2 -7.69925
304 2021 15 -7.57225
305 2022 67 -7.64725
306 2021 26 -7.68375
307 2021 74 -7.71075
308 2022 18 -8.025500000000001
309 2021 2 -7.24425
30 2021 0 -7.094
310 2024 13 -6.988
311 2021 12 -9.139999999999999
312 2021 15 -8.0775
313 2021 3 -7.576
314 2021 2 -7.411
315 2022 76 -9.21725
316 2024 12 -7.815
317 2025 3 -7.324
318 2021 1 -7.999
319 2021 10 -7.36975
31 2021 3 -7.131
320 2021 2 -7.615
321 2024 8 -8.52825
322 2021 3 -7.6605
323 2023 49 -7.701
324 2023 96 -8.68075
325 2021 13 -7.17425
326 2021 20 -8.387500000000001
327 2021 1 -8.233
328 2021 2 -7.66325
329 2021 1 -7.43525
32 2021 1 -7.27575
330 2021 84 -8.05225
331 2021 28 -8.74475
332 2021 2 -7.69425
333 2024 5 -7.1255
334 2021 1 -7.0965
335 2021 12 -7.7212499999999995
336 2021 1 -8.2015
337 2021 1 -8.192
338 2021 3 -7.11225
339 2021 2 -6.9285
33 2021 1 -7.22025
340 2021 28 -7.64075
341 2025 2 -8.37125
342 2021 15 -7.21275
343 2022 7 -9.663250000000001
344 2021 27 -8.42025
345 2021 2 -7.3725000000000005
346 2021 2 -7.28675
347 2021 13 -8.1525
348 2021 12 -9.307500000000001
349 2021 21 -8.70975
34 2021 2 -7.16075
350 2021 33 -8.836
351 2022 6 -9.29875
352 2021 4 -7.685499999999999
353 2021 2 -8.28375
354 2021 0 -7.6610000000000005
355 2021 1 -7.95325
356 2021 10 -7.481999999999999
357 2024 19 -8.70475
358 2022 7 -9.2675
359 2021 74 -7.3155
35 2021 3 -7.18375
360 2021 2 -8.639
361 2021 0 -7.2612499999999995
362 2022 46 -9.470749999999999
363 2021 25 -8.775
364 2021 22 -9.09375
365 2021 3 -7.34025
366 2022 18 -7.02925
367 2021 1 -7.95675
368 2021 24 -8.64725
369 2023 85 -9.457
36 2021 2 -7.5142500000000005
370 2022 20 -9.7895
371 2021 0 -8.387
372 2024 84 -7.8925
373 2024 14 -7.719250000000001
374 2024 15 -8.23875
375 2023 15 -8.26175
376 2022 17 -9.027750000000001
377 2021 64 -9.466750000000001
378 2022 11 -8.465
379 2024 45 -8.74775
37 2021 1 -7.475
380 2021 16 -7.85225
381 2024 1 -8.674
382 2021 11 -8.1815
383 2021 2 -5.82775
384 2021 13 -7.3919999999999995
385 2021 1 -8.5155
386 2021 0 -7.048
387 2024 4 -8.217
388 2021 6 -7.893
389 2021 2 -7.0264999999999995
38 2021 11 -7.7035
390 2022 48 -9.152249999999999
391 2021 5 -7.749750000000001
392 2021 36 -7.8927499999999995
393 2023 24 -8.084
394 2023 20 -8.04175
395 2021 11 -8.387500000000001
396 2021 12 -9.003
397 2021 21 -9.17075
398 2021 5 -7.78925
399 2021 1 -7.586
39 2021 0 -7.23925
3 2021 1 -7.1565
400 2023 0 -7.02
401 2021 15 -8.10125
402 2021 20 -7.8315
403 2021 7 -6.743
404 2022 50 -9.56225
405 2021 1 -5.67075
406 2021 67 -9.00475
407 2021 1 -8.10075
408 2021 23 -9.21175
409 2021 17 -8.0505
40 2021 4 -7.6665
410 2021 12 -8.6535
411 2021 1 -7.1107499999999995
412 2021 14 -8.71275
413 2021 35 -9.56225
414 2024 10 -8.51375
415 2023 8 -9.26975
416 2022 5 -8.465
417 2021 5 -8.2455
418 2021 9 -7.917
419 2021 2 -8.10225
41 2021 3 -7.07225
420 2021 47 -8.6775
421 2023 45 -9.21825
422 2025 18 -8.96075
423 2021 0 -6.58275
424 2021 3 -9.51675
425 2023 39 -8.22175
426 2021 63 -8.37175
427 2024 68 -9.346
428 2021 1 -7.9830000000000005
429 2022 17 -7.47975
42 2021 0 -7.22075
430 2022 20 -7.4105
431 2025 3 -8.66225
432 2025 9 -7.0675
433 2024 26 -9.44625
434 2021 15 -9.5415
435 2024 13 -7.8565000000000005
436 2021 9 -7.16875
437 2025 13 -7.03725
438 2021 3 -7.69825
439 2021 1 -7.8077499999999995
43 2021 0 -7.5985
440 2021 17 -8.42125
441 2024 23 -9.104
442 2021 7 -8.6205
443 2021 37 -8.45725
444 2021 3 -7.2620000000000005
445 2022 19 -8.6845
446 2021 16 -8.318999999999999
447 2022 1 -9.2335
448 2021 99 -9.457
449 2022 13 -9.42975
44 2021 2 -7.1525
450 2021 1 -7.24175
451 2023 8 -8.0415
452 2021 2 -6.9094999999999995
453 2022 14 -7.82775
454 2021 3 -7.5785
455 2021 0 -6.61375
456 2021 1 -7.631
457 2021 6 -8.91325
458 2024 12 -7.9392499999999995
459 2021 51 -8.506250000000001
45 2021 14 -7.479749999999999
460 2023 29 -8.6925
461 2021 2 -8.0465
462 2023 10 -7.756
463 2024 68 -7.1579999999999995
464 2025 19 -9.1025
465 2021 54 -9.373750000000001
466 2023 58 -8.98675
467 2024 27 -6.734
468 2021 39 -9.466750000000001
469 2021 35 -8.7285
46 2021 3 -7.49925
470 2021 10 -8.88675
471 2021 5 -7.169499999999999
472 2021 15 -7.6815
473 2025 25 -8.41525
474 2023 10 -5.572
475 2022 38 -8.983
476 2022 38 -7.16625
477 2023 70 -9.5765
478 2021 36 -8.42025
479 2022 73 -8.00225
47 2021 2 -6.95875
480 2021 3 -7.917
481 2021 38 -7.9502500000000005
482 2021 13 -6.60325
483 2021 14 -7.85425
484 2023 44 -9.216000000000001
485 2021 2 -7.214
486 2022 52 -8.24025
487 2021 47 -9.470749999999999
488 2025 45 -9.402
489 2021 7 -8.03425
48 2021 2 -7.17875
490 2021 36 -9.53075
491 2021 20 -8.465499999999999
492 2021 62 -8.495000000000001
493 2021 29 -8.77925
494 2021 87 -8.549
495 2021 2 -7.92175
496 2021 0 -7.31675
497 2023 26 -6.481249999999999
498 2021 15 -8.064
499 2023 41 -9.697750000000001
49 2021 14 -7.05575
4 2021 0 -6.837
50 2021 2 -7.0465
51 2025 3 -7.22425
52 2021 1 -6.495
53 2021 0 -7.12625
54 2025 8 -8.7
55 2021 19 -9.19525
56 2021 10 -7.54475
57 2021 0 -7.055
58 2021 1 -7.2212499999999995
59 2021 79 -8.5715
5 2021 0 -7.068
60 2025 78 -8.77125
61 2022 0 -7.053
62 2021 0 -6.42575
63 2021 1 -7.238250000000001
64 2021 0 -7.3870000000000005
65 2021 0 -7.316
66 2023 47 -7.968500000000001
67 2021 6 -6.806
68 2021 12 -7.90425
69 2021 13 -8.16675
6 2021 1 -7.0265
70 2021 2 -6.94825
71 2024 31 -7.30375
72 2021 0 -6.85
73 2024 65 -8.46975
74 2023 17 -9.12525
75 2021 3 -7.26175
76 2021 48 -9.42275
77 2021 0 -7.453749999999999
78 2021 1 -7.01525
79 2024 11 -8.358
7 2021 1 -7.00075
80 2021 1 -7.36625
81 2021 2 -7.27325
82 2021 3 -7.3607499999999995
83 2021 5 -6.7565
84 2021 0 -6.82425
85 2021 2 -7.185499999999999
86 2025 48 -9.152000000000001
87 2023 95 -8.2555
88 2021 97 -8.334999999999999
89 2021 42 -7.606
8 2021 1 -7.1217500000000005
90 2022 85 -8.69625
91 2021 25 -7.7915
92 2023 6 -7.31075
93 2021 28 -6.742
94 2024 56 -9.1275
95 2021 3 -7.4735
96 2021 34 -7.858499999999999
97 2021 3 -9.30275
98 2021 0 -7.31975
99 2022 14 -8.281
9 2021 0 -7.06875
ori 2021 4 -7.04525
